-0.12155625241313246,-0.12155625241313246,-0.10221621690587877
-0.12155625241313246,0.12155625241313246,-0.10221621690587877
0.,-0.1719065007538992,0.10221621690587879
0.,0.1719065007538992,0.10221621690587879
0.12155625241313246,-0.12155625241313246,-0.10221621690587877
0.12155625241313246,0.12155625241313246,-0.10221621690587877
-0.1719065007538992,0.,0.10221621690587879
0.1719065007538992,0.,0.10221621690587879
0.,0.,-0.4
0.,0.,0.4
0.11055728090000841,-0.34026032334081596,0.1788854381999832
0.11055728090000841,0.34026032334081596,0.1788854381999832
0.2894427190999916,-0.21029244484765344,-0.17888543819998318
0.2894427190999916,0.21029244484765344,-0.17888543819998318
0.3928987785507384,0.,-0.07503698963403196
-0.2894427190999916,-0.21029244484765344,0.17888543819998318
-0.2894427190999916,0.21029244484765344,0.17888543819998318
-0.1964493892753692,-0.142728835909236,-0.31786178891670647
-0.1964493892753692,0.142728835909236,-0.31786178891670647
0.1964493892753692,-0.142728835909236,0.31786178891670647
0.1964493892753692,0.142728835909236,0.31786178891670647
0.07503698963403196,-0.2309401076758503,-0.31786178891670647
0.07503698963403196,0.2309401076758503,-0.31786178891670647
-0.07503698963403196,-0.2309401076758503,0.31786178891670647
-0.07503698963403196,0.2309401076758503,0.31786178891670647
0.35777087639996635,0.,0.17888543819998318
-0.24282479928267447,0.,0.31786178891670647
-0.12141239964133724,-0.3736689435850863,0.07503698963403196
-0.12141239964133724,0.3736689435850863,0.07503698963403196
0.12141239964133724,-0.3736689435850863,-0.07503698963403196
0.12141239964133724,0.3736689435850863,-0.07503698963403196
0.24282479928267447,0.,-0.31786178891670647
0.31786178891670647,-0.2309401076758503,0.07503698963403196
0.31786178891670647,0.2309401076758503,0.07503698963403196
-0.35777087639996635,0.,-0.17888543819998318
-0.11055728090000841,-0.34026032334081596,-0.1788854381999832
-0.11055728090000841,0.34026032334081596,-0.1788854381999832
-0.3928987785507384,0.,0.07503698963403196
-0.31786178891670647,-0.2309401076758503,-0.07503698963403196
-0.31786178891670647,0.2309401076758503,-0.07503698963403196
-0.12469497791575317,0.11423081422253858,-0.5756756756756757
0.018954476430487376,-0.21597648261923222,-0.5594594594594594
0.15498692137805387,0.20215299372582976,-0.5432432432432432
-0.2823956944637999,-0.04995182210251658,-0.527027027027027
0.2655783497656797,-0.16893920709693275,-0.5108108108108108
-0.08817997694692419,0.32802511895196157,-0.4945945945945946
-0.16691843644679755,-0.3213912921568184,-0.4783783783783784
0.3594130218730417,0.13125705913848512,-0.46216216216216216
-0.3710441117099436,0.15316161549080884,-0.4459459459459459
0.17747579175690203,-0.3792554584006328,-0.4297297297297297
0.13011331987180563,0.41482176670667414,-0.41351351351351356
-0.38901310165633024,-0.22544104395602999,-0.3972972972972973
0.45263122751923957,-0.09950970563970556,-0.381081081081081
-0.273941355977783,0.3896533894016545,-0.36486486486486486
-0.06275272118964795,-0.4842584183870895,-0.3486486486486487
0.3819333156502756,0.3218938027726585,-0.3324324324324324
-0.5094736792158346,0.02106833615120313,-0.31621621621621615
0.3683185678418465,-0.36652616902880353,-0.3
-0.024418930590191533,0.5280818874854448,-0.2837837837837837
-0.34408383550687943,-0.4123274316957943,-0.26756756756756755
0.5399486761926809,0.07264933070318642,-0.2513513513513514
-0.4531193548286999,0.3152686449753677,-0.23513513513513512
0.12261025831814729,-0.5450148910759495,-0.21891891891891888
0.2807692761016975,0.48997982398701734,-0.2027027027027027
-0.5433045704579448,-0.17332897645066056,-0.1864864864864865
0.5222821758829727,-0.2413076124307659,-0.17027027027027025
-0.2238712753868792,0.5349289677014721,-0.154054054054054
-0.19764011506632315,-0.5494898683112914,-0.13783783783783782
0.5200879154787696,0.27334363231484854,-0.12162162162162164
-0.5711590692736873,0.15055569765949553,-0.1054054054054054
0.32089744279523386,-0.49906925345011455,-0.08918918918918914
0.10087128881930306,0.5869411625601143,-0.07297297297297296
-0.4722467543409553,-0.3657344303957281,-0.056756756756756774
0.5965849067055206,-0.04942584004188653,-0.04054054054054052
-0.4071126428942243,0.44007683788384605,-0.024324324324324274
0.0029266990318370864,-0.5999380743174116,-0.008108108108108091
0.40309428957778715,0.4443526215661232,0.008108108108108091
-0.5969484619033507,-0.05532504927597322,0.02432432432432441
0.47684343896283976,-0.3619071694382045,0.04054054054054059
-0.10690859930176168,0.5876642085049844,0.056756756756756774
-0.31719108953455316,-0.5040483686466695,0.07297297297297296
0.5722334019611809,0.15682545141560617,0.08918918918918914
-0.5255099924072762,0.26968305173189244,0.10540540540540545
0.20424024395329296,-0.5509029895580767,0.12162162162162164
0.2201750679581628,0.5408545737162701,0.13783783783783782
-0.5240170495463925,-0.24834145891132267,0.15405405405405415
0.5497955325746097,-0.1695078388249062,0.17027027027027034
-0.2883478735718451,0.49201452637551335,0.1864864864864865
-0.11856485322792953,-0.5521358436979611,0.2027027027027027
0.45542659226381077,0.32351371840826854,0.21891891891891888
-0.5477691380358156,0.06826741272731333,0.23513513513513518
0.3531319305887042,-0.4148738817671512,0.2513513513513514
0.01957132048125419,0.5366791967279849,0.26756756756756755
-0.3710639734848356,-0.376534582267026,0.2837837837837839
0.5189373442523739,0.026533615288783296,0.30000000000000004
-0.39308899162796207,0.3247897000565307,0.31621621621621626
0.06901936546901917,-0.49469688199675377,0.3324324324324324
0.27692922650958046,0.4021869258196699,0.3486486486486486
-0.4641829459423632,-0.10680741118205712,0.3648648648648649
0.40322206565440116,-0.22844950297926297,0.38108108108108113
-0.13874210060839576,0.4276745106725824,0.3972972972972973
-0.18041603148001942,-0.39554598939530383,0.4135135135135136
0.3854713184119985,0.16353660773089618,0.4297297297297298
-0.3783810814603974,0.1340148144319706,0.445945945945946
0.17966165721865596,-0.3378280994693033,0.46216216216216216
0.09059958862587333,0.35063633816376705,0.4783783783783783
-0.28480661005403685,-0.1850983032535315,0.49459459459459465
0.3104661501342287,-0.05179850557335183,0.5108108108108108
-0.176699973459549,0.225875257968747,0.527027027027027
-0.019793062720906637,-0.2539586843143754,0.5432432432432434
0.1584300120361534,0.1480035286996686,0.5594594594594595
-0.1690999535554957,-0.0016498917792998234,0.5756756756756757
-0.12599654235937907,0.11542315387120466,-0.7815384615384616
0.019210601719374304,-0.21889489818225233,-0.7692307692307693
0.1575697550661644,0.20552184290165065,-0.7569230769230769
-0.28801468760694154,-0.050945742871791794,-0.7446153846153847
0.2717434982852967,-0.17286096993436986,-0.7323076923076924
-0.09052711442989794,0.33675635339663024,-0.7200000000000001
-0.1719446366333144,-0.3310689347646101,-0.7076923076923077
0.371525306350418,0.13568044600316784,-0.6953846153846155
-0.3849163102915142,0.1588878574068201,-0.6830769230769231
0.1847835542479796,-0.3948717223766958,-0.6707692307692308
0.13597780572114415,0.4335186717064523,-0.6584615384615384
-0.4081057442830816,-0.23650562061765823,-0.6461538461538462
0.4767128871093993,-0.10480399094623696,-0.633846153846154
-0.2896791346258854,0.4120387600588087,-0.6215384615384616
-0.06663224984310155,-0.5141964732505774,-0.6092307692307692
0.4072664692317548,0.3432446114306626,-0.596923076923077
-0.5456333326593454,0.022563651345957586,-0.5846153846153846
0.39622480415743955,-0.3942966014256812,-0.5723076923076923
-0.02638983241552491,0.5707044565666896,-0.5599999999999999
-0.373612624931885,-0.4477127902865644,-0.5476923076923077
0.5891349696120574,0.07926727691593555,-0.5353846153846155
-0.4968672075521169,0.34570726142755565,-0.5230769230769231
0.13513972358225407,-0.6007096203737046,-0.5107692307692308
0.3111002188715587,0.5429113633850599,-0.4984615384615385
-0.6052819713822194,-0.19310145776113813,-0.4861538461538462
0.585134464512734,-0.2703469639640939,-0.47384615384615386
-0.25226728531223974,0.6027797817461227,-0.4615384615384615
-0.22404204332137012,-0.6228939546991259,-0.44923076923076927
0.5932078537907265,0.31177342262141416,-0.43692307692307697
-0.6556183389550374,0.17281889009528614,-0.4246153846153846
0.370780606504371,-0.5766490342523398,-0.41230769230769226
0.11734725454729292,0.6828100920828666,-0.4
-0.5532637688971027,-0.4284785602360828,-0.3876923076923078
0.7040483803605528,-0.058328969168217074,-0.3753846153846154
-0.4840912503956971,0.5232884569903341,-0.3630769230769231
0.003507481099876868,-0.7189914076829403,-0.3507692307692308
0.48703277027988695,0.5368825454936559,-0.33846153846153854
-0.7273782523333455,-0.06741325293694962,-0.3261538461538462
0.5861619961663282,-0.44487605685885345,-0.31384615384615383
-0.13262605686271275,0.7290300990041949,-0.30153846153846153
-0.39726292652191575,-0.6312905268902904,-0.2892307692307693
0.7238507990620066,0.19837749409837363,-0.27692307692307694
-0.6716858764960633,0.3446981020263493,-0.2646153846153846
0.263900658527994,-0.7118267140469356,-0.2523076923076923
0.2877406150398538,0.7068276582424367,-0.24000000000000005
-0.6930258152135572,-0.3284378669784225,-0.2276923076923077
0.7362619351219579,-0.22699742365518435,-0.21538461538461534
-0.39124839703340575,0.6675960268998011,-0.20307692307692307
-0.1631165284950043,-0.7596052255767165,-0.1907692307692308
0.6357628144836559,0.4516161235050863,-0.17846153846153845
-0.7765478708589555,0.09677966559514076,-0.1661538461538461
0.5088569541591663,-0.5978260291678522,-0.15384615384615385
0.02869465580226931,0.7868567090860412,-0.14153846153846159
-0.554156032139906,-0.56232597337041,-0.12923076923076923
0.7903770133773659,0.040412508057723236,-0.11692307692307687
-0.6114242097334974,0.5051891299835571,-0.10461538461538461
0.10980575375784007,-0.7870336628013449,-0.09230769230769234
0.4514223616823094,0.6556049506929965,-0.07999999999999999
-0.7768315255029086,-0.17874711875751736,-0.06769230769230764
0.6943795342521568,-0.3934076852203782,-0.055384615384615365
-0.24650495239529557,0.7598550435068638,-0.0430769230769231
-0.33174561867968805,-0.727322554940173,-0.03076923076923075
0.7362670184039423,0.312362048284042,-0.018461538461538397
-0.7540764285570664,0.267078396865292,-0.006153846153846132
0.3756236252209997,-0.7063066064772074,0.006153846153846132
0.20008270986076365,0.774355267827634,0.018461538461538397
-0.6702865408360372,-0.4356250768859951,0.03076923076923084
0.7879480289998791,-0.1314620945118038,0.0430769230769231
-0.49173941331990734,0.6285896067916584,0.055384615384615365
-0.0619390536482588,-0.7947208976190623,0.06769230769230782
0.5816644050185346,0.5433843206556794,0.08000000000000007
-0.7946188901827199,-0.007753019128763742,0.09230769230769234
0.590028769810285,-0.5300204449810753,0.10461538461538461
-0.07687802905462275,0.7876666571155065,0.11692307692307687
-0.47422261864711657,-0.6311991098278698,0.12923076923076932
0.7739684814761811,0.14470540275601282,0.14153846153846159
-0.666484587278548,0.4148851116476575,0.15384615384615385
0.21051826169778998,-0.7537074770094994,0.1661538461538463
0.35266481577628594,0.6955422395537306,0.17846153846153856
-0.7271439985835417,-0.273621464647155,0.1907692307692308
0.7181011170491844,-0.2882543130749704,0.20307692307692307
-0.3333494382206914,0.6946132877317932,0.21538461538461534
-0.22237450777457712,-0.7339657970980433,0.22769230769230778
0.6565223860084284,0.3890737162412803,0.24000000000000005
-0.7430191611302055,0.15576698814489753,0.2523076923076923
0.4402101109517218,-0.6133463592789353,0.26461538461538475
0.08918620601885517,0.7452244159469132,0.276923076923077
-0.5656238871029665,-0.4862254420211968,0.2892307692307693
0.7406263503117932,-0.02339156764414739,0.30153846153846153
-0.5266437526086105,0.5139522833437916,0.31384615384615383
0.04086046401695602,-0.7293518294481562,0.32615384615384624
0.458982027573595,0.5610519453193975,0.33846153846153854
-0.7116095427871857,-0.10282414774640586,0.3507692307692308
0.5891047744187964,-0.4014109025499595,0.36307692307692324
-0.16177200563662056,0.6876890349022947,0.3753846153846155
-0.3419778523125103,-0.6105291336897332,0.3876923076923078
0.6579590667453299,0.21700199650605656,0.4
-0.6251275811252175,0.28145670036515397,0.41230769230769226
0.2678441700268113,-0.6228653752863275,0.42461538461538473
0.22064990135530108,0.632781041027595,0.43692307692307697
-0.5829279264316856,-0.31366662009590185,0.44923076923076927
0.6334506190147806,-0.16038254827287524,0.4615384615384617
-0.35388050810504706,0.5387377919438369,0.473846153846154
-0.10149693009923295,-0.6271784523166065,0.4861538461538462
0.4909538315942925,0.38794384892331946,0.4984615384615385
-0.6140874900204489,0.0448480490076587,0.5107692307692308
0.41536362210137884,-0.4402994367236934,0.5230769230769232
-0.008699307355269569,0.5943800431214074,0.5353846153846155
-0.3875597084760141,-0.4356955456057149,0.5476923076923077
0.5683348375864474,0.058271025266304115,0.5600000000000002
-0.4485404455346733,0.33357963673611807,0.5723076923076924
0.10298017569637533,-0.5363020934926038,0.5846153846153846
0.2792641809300772,0.4535353982724386,0.596923076923077
-0.4986957254285937,-0.14191702949869653,0.6092307692307692
0.4503363241020692,-0.22558177236345653,0.6215384615384617
-0.1741278953651918,0.45598084313940934,0.633846153846154
-0.17357398066858987,-0.43858554505985686,0.6461538461538462
0.40865262904733923,0.19857349052570292,0.6584615384615387
-0.41785053766958713,0.12437671495296568,0.6707692307692309
0.21404660547504492,-0.3571973793918059,0.6830769230769231
0.0792646095661455,0.38750143013506033,0.6953846153846155
-0.3020114208657959,-0.2189993134686939,0.7076923076923077
0.34643921911602504,-0.039747546569299706,0.7200000000000002
-0.21113512008453816,0.243202394835803,0.7323076923076924
-0.0078068932618587375,-0.29238156818048705,0.7446153846153847
0.17996899198639607,0.1862219577404932,0.7569230769230771
-0.21932967016294802,-0.013361117275563012,0.7692307692307694
0.13278173779879698,-0.10754832980212253,0.7815384615384616
-0.12660948660063373,0.11598466100582913,-0.9851485148514851
0.01933122259429046,-0.2202693108383014,-0.9752475247524752
0.1587851371844719,0.207107093654115,-0.9653465346534653
-0.290655348176814,-0.05141283854500967,-0.9554455445544554
0.27463618617864405,-0.1747010611899717,-0.9455445544554455
-0.09162638983657097,0.34084560311657436,-0.9356435643564356
-0.17429398036403437,-0.33559245315724295,-0.9257425742574257
0.37717486410646445,0.13774365543455458,-0.9158415841584159
-0.39137236210718823,0.1615528217454915,-0.905940594059406
0.1881766569174296,-0.40212258569480597,-0.8960396039603961
0.13869421261848036,0.4421790049402628,-0.8861386138613861
-0.41692734242383594,-0.24161791705637603,-0.8762376237623762
0.4878110153198978,-0.10724388330061826,-0.8663366336633663
-0.2969127546321374,0.42232784015414226,-0.8564356435643564
-0.06841056040762897,-0.5279195731425572,-0.8465346534653465
0.4188462944918191,0.3530041004190967,-0.8366336633663366
-0.5621145324545805,0.023245200700961758,-0.8267326732673267
0.4089067275817513,-0.4069168090787082,-0.8168316831683169
-0.027282799006617665,0.5900156823856908,-0.806930693069307
-0.38694994942728483,-0.46369536251864957,-0.7970297029702971
0.6112804861334744,0.08224692484229361,-0.7871287128712872
-0.5164999991533747,0.35936724646075363,-0.7772277227722773
0.14074381812666745,-0.6256203824877317,-0.7673267326732673
0.3246199910195606,0.5665051684815374,-0.7574257425742574
-0.6328108894771088,-0.20188393347666428,-0.7475247524752475
0.6129514267134324,-0.2831991060506572,-0.7376237623762376
-0.26478825194573474,0.6326979914150734,-0.7277227722772277
-0.2356395795737134,-0.6551380599299745,-0.7178217821782178
0.6252020695308986,0.32858868573982924,-0.7079207920792079
-0.6924263889375974,0.18252137394388707,-0.698019801980198
0.39243079735141495,-0.610320055401553,-0.6881188118811881
0.12446793162027675,0.7242432741939739,-0.6782178217821782
-0.5881261942897266,-0.4554779819917255,-0.6683168316831682
0.7500845489857999,-0.06214297163632833,-0.6584158415841583
-0.5169165578379545,0.5587716524987255,-0.6485148514851484
0.003753967678037912,-0.7695181893705685,-0.6386138613861386
0.5224831205414218,0.5759613825832358,-0.6287128712871287
-0.7821870823642502,-0.07249292298509724,-0.6188118811881188
0.6318617215827889,-0.4795605191334058,-0.6089108910891089
-0.14331960391133453,0.787811290634077,-0.599009900990099
-0.43037389087892336,-0.6839071612130198,-0.5891089108910891
0.7861897388333561,0.21546201299731652,-0.5792079207920793
-0.7314334066453361,0.3753595480443186,-0.5693069306930694
0.28813743881339704,-0.7772012673575176,-0.5594059405940595
0.3150155410478469,0.7738278350381081,-0.5495049504950495
-0.7608050158987715,-0.36055969506890184,-0.5396039603960396
0.8105346984242506,-0.24989651039743055,-0.5297029702970297
-0.4319464933407524,0.7370401130690546,-0.5198019801980198
-0.18060798510354428,-0.8410598884817224,-0.5099009900990099
0.7060246603762379,0.5015268476767897,-0.5
-0.8649751898670878,0.107800192061353,-0.4900990099009901
0.5685484174437226,-0.6679540094950366,-0.4801980198019802
0.03216144289749948,0.8819219610846044,-0.47029702970297027
-0.6230983413942182,-0.6322847014350126,-0.46039603960396036
0.8916141927247658,0.04558883309864975,-0.45049504950495045
-0.69204200209627,0.5717995646647352,-0.44059405940594054
0.1247073393592969,-0.8938409028238193,-0.43069306930693063
0.514467558457875,0.7471660841943161,-0.42079207920792083
-0.8884678383764137,-0.20443437348360927,-0.4108910891089109
0.7970484576251612,-0.4515757928558411,-0.400990099009901
-0.2840014262783468,0.8754384608658394,-0.3910891089108911
-0.3836563662905713,-0.8411322195002247,-0.3811881188118812
0.8547742021704898,0.3626388442458343,-0.3712871287128713
-0.8789173962712364,0.31129450581331086,-0.3613861386138614
0.43958348126605895,-0.8265739854190338,-0.35148514851485146
0.2351225815923642,0.9099657325112211,-0.34158415841584155
-0.7910130133221209,-0.5140862657282009,-0.33168316831683164
0.9339048790835232,-0.15581369197019926,-0.32178217821782173
-0.5854196105032584,0.7483408342031134,-0.3118811881188118
-0.07407487972800061,-0.9504319398027422,-0.3019801980198019
0.6988787033657838,0.6528845949186758,-0.2920792079207921
-0.9593163423022469,-0.009359956130283708,-0.2821782178217822
0.7158178502913244,-0.6430162645438362,-0.2722772277227723
-0.09373738576696947,0.9604020056413738,-0.2623762376237624
-0.5812075829392777,-0.7735980835816476,-0.2524752475247525
0.9536087841707422,0.1782919414520702,-0.24257425742574257
-0.8256521773254502,0.5139665677349513,-0.23267326732673266
0.2622537068144589,-0.93893317427858,-0.22277227722772275
0.4418618279178014,0.8714608081522108,-0.21287128712871284
-0.916448277811517,-0.3448559302375102,-0.20297029702970293
0.9105635308713605,-0.36551101073481024,-0.19306930693069302
-0.42534259000866265,0.8863030231437614,-0.1831683168316831
-0.2855746770806646,-0.9425632802614301,-0.1732673267326732
0.8487206520000734,0.502975839303904,-0.1633663366336634
-0.967130248283147,0.20274977254926219,-0.1534653465346535
0.577043260245182,-0.8039964871607529,-0.14356435643564358
0.11776275673540634,0.9840051004063121,-0.13366336633663367
-0.7524950030308954,-0.6468648580975392,-0.12376237623762376
0.9930015010368515,-0.03136245661859695,-0.11386138613861385
-0.7117997291532392,0.6946462276818784,-0.10396039603960394
0.05568728752802394,-0.99400792459712,-0.09405940594059403
0.6309415113129826,0.7712523389560153,-0.08415841584158412
-0.9869887355890123,-0.14261511330321414,-0.07425742574257421
0.8246783512208935,-0.5619287020778033,-0.0643564356435643
-0.22864969273131056,0.9719845278935367,-0.05445544554455439
-0.4882067758225487,-0.8715899520651341,-0.044554455445544594
0.9491117205683343,0.31302728190893025,-0.034653465346534684
-0.9115606189458327,0.4104199714392697,-0.024752475247524774
0.3949991915252733,-0.9185614144319715,-0.014851485148514865
0.3292514882016958,0.9442292889524945,-0.004950495049504955
-0.8805975207057705,-0.4738391067921842,0.004950495049504955
0.969303886779986,-0.2454168055820454,0.014851485148514865
-0.5488501867484711,0.835554179856273,0.024752475247524774
-0.1596566896067319,-0.9865641787553896,0.034653465346534684
0.7838324954807572,0.6193718749897834,0.044554455445544594
-0.9958639256551821,0.07272995276496472,0.054455445544554504
0.6847863566010545,-0.725896614542532,0.06435643564356441
-0.014593963190475694,0.9971323136677905,0.07425742574257432
-0.6622691914330351,-0.7445245994066743,0.08415841584158423
0.9903746496695103,0.10154251053670632,0.09405940594059414
-0.7980719215759889,0.5935262791547626,0.10396039603960405
0.18734759295061384,-0.9756723139262509,0.11386138613861396
0.5202916963324518,0.8449730320877209,0.12376237623762387
-0.953181970344856,-0.2712530846074512,0.13366336633663378
0.8848364955315524,-0.44323092371433276,0.1435643564356437
-0.35252223901405766,0.9231340414119255,0.15346534653465338
-0.36304458827960007,-0.9173385781573737,0.1633663366336633
0.8858304619091316,0.43044491661624684,0.1732673267326732
-0.9422264379286196,0.2804615969743331,0.1831683168316831
0.5043445619219625,-0.8416417323190702,0.19306930693069302
0.1962319854252892,0.9593206275379068,0.20297029702970293
-0.7910032994705062,-0.5735848632442612,0.21287128712871284
0.9685168858493177,-0.11111954969092641,0.22277227722772275
-0.637576031167233,0.7344112983557254,0.23267326732673266
-0.025894331178549675,-0.9697871999810913,0.24257425742574257
0.6724176951262134,0.6957806354509054,0.2524752475247525
-0.9631801271762658,-0.0586749737376289,0.2623762376237624
0.7477189442877812,-0.6056248769797751,0.2722772277227723
-0.14182860713611417,0.9488203726653178,0.2821782178217822
-0.5346797399395014,-0.7929737145697768,0.2920792079207921
0.9269076268422417,0.22282327370722443,0.301980198019802
-0.8311943870816583,0.4602673303435132,0.31188118811881194
0.3009395240113963,-0.8977146721922218,0.32178217821782185
0.38310410016931007,0.8621006462639798,0.33168316831683176
-0.8615847774645314,-0.37548892654875343,0.34158415841584167
0.8854853103407188,-0.30393084006775895,0.3514851485148516
-0.4458209603932126,0.8189284035200125,0.3613861386138615
-0.22350535714438372,-0.9012165241382967,0.3712871287128714
0.77021925204292,0.5113295628644055,0.3811881188118813
-0.9092392337869395,0.1425949670704554,0.3910891089108912
0.5714592700952896,-0.7159896948407768,0.4009900990099009
0.06196887201028509,0.9095759296467041,0.4108910891089108
-0.6568256277175468,-0.6257108923850738,0.4207920792079207
0.9023266511959528,0.017609502902493326,0.43069306930693063
-0.6736466708863296,0.593360798856783,0.44059405940594054
0.09539014122743936,-0.8876682552215898,0.45049504950495045
0.5262706672637055,0.7148948674419217,0.46039603960396036
-0.8658529564279825,-0.1706439617961494,0.47029702970297027
0.7491537452413987,-0.4562658520742513,0.4801980198019802
-0.24267016773512878,0.8372061575176533,0.4900990099009901
-0.38408523844336057,-0.7761949043957367,0.5
0.8021235938916288,0.3108033468584705,0.5099009900990099
-0.7958659435222502,0.3104888103034567,0.5198019801980198
0.37442025436706455,-0.76106782639802,0.5297029702970297
0.2362502845889495,0.8080924259987528,0.5396039603960396
-0.7145641240888762,-0.4329462113779613,0.5495049504950495
0.8128791377117952,-0.16214962565792068,0.5594059405940595
-0.48586105590331746,0.6631957878495234,0.5693069306930694
-0.08896552277233033,-0.8103106319489843,0.5792079207920793
0.6075989752467114,0.5327045864152673,0.5891089108910892
-0.8005510666788316,0.01746791788440956,0.5990099009900991
0.5730814419417098,-0.5484570973331259,0.608910891089109
-0.051589323975836945,0.7838433500082382,0.6188118811881189
-0.48649486996984337,-0.6066653665497309,0.6287128712871288
0.7605076214090459,0.1174755030814551,0.6386138613861387
-0.6332028098046777,0.4224721163090611,0.6485148514851486
0.17948982492293444,-0.7309391098444239,0.6584158415841583
0.3571774347194407,0.652515817904985,0.6683168316831682
-0.6956054259751593,-0.23696767199547458,0.6782178217821782
0.6645041719846064,-0.29142186971858264,0.6881188118811881
-0.28928626904232124,0.6550433654248389,0.698019801980198
-0.2260327557903401,-0.6691467293888324,0.7079207920792079
0.6098553256475866,0.33586957410543067,0.7178217821782178
-0.66650191858995,0.1618479509448971,0.7277227722772277
0.37619218098931223,-0.5607054736137577,0.7376237623762376
0.09971074815250759,0.6567073253281763,0.7475247524752475
-0.5083158509827198,-0.40978194216625524,0.7574257425742574
0.639978280154814,-0.04046586530712756,0.7673267326732673
-0.4362208924129076,0.453462677600601,0.7772277227722773
0.015042900859692945,-0.6166053036646021,0.7871287128712872
0.3969732310715957,0.4551438304488567,0.7970297029702971
-0.5869501611754984,-0.06597245545486616,0.806930693069307
0.4662335153579327,-0.33972387394676684,0.8168316831683169
-0.1114761537531533,0.5514400729876844,0.8267326732673268
-0.28264013880817623,-0.4692106832295253,0.8366336633663367
0.5105592079548329,0.1506929847565546,0.8465346534653466
-0.4638156021930449,0.22670040933974853,0.8564356435643565
0.182725522461794,-0.46483569206106623,0.8663366336633664
0.17294598113833964,0.4497747372978626,0.8762376237623763
-0.41482030635268036,-0.20659736315183055,0.8861386138613863
0.42673885469206985,-0.1225029715174162,0.8960396039603962
-0.22116979390782587,0.3610478670454385,0.9059405940594059
-0.07662798439845407,-0.394160303345268,0.9158415841584158
0.303957497748964,0.22496783274375742,0.9257425742574257
-0.3510218628034327,0.036807231794753,0.9356435643564356
0.2157705279308119,-0.24369771196322665,0.9455445544554455
0.0049993389505495174,0.29512508873543386,0.9554455445544554
-0.1795176372872577,-0.1894188109331977,0.9653465346534653
0.22056513270660147,0.015597682465338504,0.9752475247524752
-0.1344757331283179,0.1067646050220511,0.9851485148514851
0.,0.,0.
